0 0.564768
1 0.0759783
2 0.0104723
3 0.00146743
4 0.000258711
5 5.50164e-05
6 1.3524e-05
7 3.72419e-06
8 1.03237e-06
9 2.9942e-07
10 8.58609e-08
11 2.55978e-08
12 7.63918e-09
13 2.4737e-09
14 8.61323e-10
15 3.48262e-10
16 1.53256e-10
17 7.17917e-11
18 3.43412e-11
19 1.69303e-11
20 8.35422e-12
21 4.17457e-12
22 2.08486e-12
23 1.0449e-12
24 5.21403e-13
25 2.62544e-13
26 1.31145e-13
27 6.31631e-14
28 3.94451e-14
29 1.84847e-14
30 9.11054e-15
31 4.44027e-15
32 2.27128e-15
33 1.03915e-15
34 4.99234e-16
35 2.58433e-16
36 9.26993e-17
37 1.1807e-16
38 5.9604e-17
39 1.97189e-17
40 6.07153e-18
41 2.66985e-18
42 7.45389e-19
43 2.84603e-19
44 6.77626e-20
45 0
